function N = pcssp_KCURR_N_tp()

N             = [100,100,100,100,100,100,100,100,100,100,100];

end

