function Vup = pcssp_KCURR_Vup_tp()


Vup           = [1050 1050 2100 1050 1050 1050 3150 3150 3150 3150 1050];



end
