function KdRef = pcssp_KCURR_KdRef_tp()

KdRef =         [0.7590    0.2246    0.0636    0.0072    0.0037    0.1365    0.0431    0.0468    0.0267    0.0148    0.0107; 
                    0.2246    0.7596    0.2727    0.0162    0.0072    0.0600    0.0354    0.0492    0.0337    0.0216    0.0174;
                    0.0636    0.2727    1.9777    0.2727    0.0636    0.0413    0.0430    0.0877    0.0847    0.0783    0.0880;
                    0.0072    0.0162    0.2727    0.7596    0.2246    0.0079    0.0117    0.0332    0.0446    0.0646    0.1203;
                    0.0037    0.0072    0.0636    0.2246    0.7590    0.0048    0.0080    0.0259    0.0406    0.0795    0.2496;
                    0.1365    0.0600    0.0413    0.0079    0.0048    0.7041    0.1132    0.1008    0.0492    0.0243    0.0160;
                    0.0431    0.0354    0.0430    0.0117    0.0080    0.1132    0.4716    0.2393    0.1027    0.0471    0.0293;
                    0.0468    0.0492    0.0877    0.0332    0.0259    0.1008    0.2393    1.8557    0.4553    0.1838    0.1064;
                    0.0267    0.0337    0.0847    0.0446    0.0406    0.0492    0.1027    0.4553    1.5601    0.3607    0.1891;
                    0.0148    0.0216    0.0783    0.0646    0.0795    0.0243    0.0471    0.1838    0.3607    1.5558    0.4910;
                    0.0107    0.0174    0.0880    0.1203    0.2496    0.0160    0.0293    0.1064    0.1891    0.4910    2.3832];
end